andrew	0.47712125471966244	78661573	1
author	0.47712125471966244	78661573	1
authors	0.17609125905568124	44664014	1
authors	0.17609125905568124	67613335	1
baveja	0.17609125905568124	44664014	1
baveja	0.17609125905568124	67613335	1
cofounder	0.47712125471966244	67613335	1
engine	0.47712125471966244	67613335	1
frequency	0.47712125471966244	78661573	1
identifiers	0.47712125471966244	44664014	1
importance	0.47712125471966244	78661573	1
page	0.47712125471966244	67613335	2
pagerank	0.47712125471966244	67613335	3
representing	0.47712125471966244	44664014	1
results	0.47712125471966244	67613335	1
vector	0.47712125471966244	44664014	4
