algorithm	0.47712125471966244	67613335	1
corpus	0.47712125471966244	78661573	1
deorio	0.47712125471966244	78661573	1
documents	0.47712125471966244	44664014	1
general	0.47712125471966244	44664014	1
maya	0.17609125905568124	44664014	1
maya	0.17609125905568124	67613335	1
melina	0.17609125905568124	44664014	1
melina	0.17609125905568124	67613335	1
pages	0.47712125471966244	67613335	1
rank	0.47712125471966244	67613335	1
search	0.47712125471966244	67613335	2
space	0.47712125471966244	44664014	3
terms	0.47712125471966244	44664014	1
text	0.47712125471966244	44664014	1
web	0.47712125471966244	67613335	2
